89383 30886
92777 36915
47793 38335
85386 60492
16649 41421
2362 90027
68690 20059
97763 13926
80540 83426
89172 55736
5211 95368
2567 56429
65782 21530
22862 65123
74067 3135
13929 79802
34022 23058
33069 98167
61393 18456
75011 78042
76229 77373
84421 44919
13784 98537
75198 94324
98315 64370
66413 3526
76091 68980
59956 41873
6862 99170
6996 97281
2305 20925
77084 36327
60336 26505
50846 21729
61313 25857
16124 53895
19582 545
98814 33367
15434 90364
44043 13750
71087 26808
17276 47178
95788 93584
5403 2651
92754 12399
99932 95060
49676 93368
47739 10012
36226 98586
48094 97539
40795 80570
51434 60378
97467 66601
10097 12902
73317 70492
26652 60756
97301 60280
24286 9441
53865 29689
28444 46619
58440 44729
58031 8117
38097 5771
34481 90675
20709 98927
4567 77856
79497 72353
54586 76965
55306 64683
6219 28624
51528 32871
5732 48829
9503 30019
58270 63368
59708 86715
26340 18149
47796 723
42618 2245
22846 93451
92921 43555
92379 97488
37764 88228
69841 92350
65193 41500
57034 87764
70124 24914
36987 75856
73743 46491
22227 48365
9859 81936
51432 52551
16437 99228
53275 75407
1474 76121
68858 94395
36029 61237
8235 73793
65818 94428
66143 31011
35928 39529
