879284 385506
990851 274503
932825 98497
256986 908455
374760 499946
772492 99704
116556 934522
81904 536227
686570 425981
646119 697940
621343 415173
787835 847633
623977 306396
189696 196606
489766 575252
846629 885403
477110 837480
159906 926287
935977 933244
834743 827089
949542 123587
443145 66098
58109 525050
118678 744679
467383 764797
442619 605078
696322 746806
452711 320299
53202 642407
33257 59321
734011 879886
944724 727473
233718 620982
653761 686048
70579 4856
29489 20121
128443 472635
602572 186552
514037 721250
931231 981420
486047 890202
586499 182369
153361 555562
19020 722915
197970 52278
782236 448333
932164 243312
692159 682235
864295 345920
368283 451226
350776 397772
471347 995571
870407 73919
182123 384444
311521 629706
882217 797568
36260 468716
496289 189621
24278 515310
912537 738600
83940 211125
186934 532456
454438 395445
214691 835085
741365 582974
286311 608493
980747 274010
604064 367506
347930 302539
268303 659451
932245 150520
973372 484857
135588 986013
190831 676218
17675 103368
414819 101615
830845 118105
634072 285283
513550 848763
636720 771267
948090 923031
379760 445189
713394 500176
812695 61324
802715 597350
237127 251312
264222 726851
252521 399810
229217 443352
592381 246892
63072 523552
864860 893918
641657 15284
179201 671559
380399 332274
959178 328489
255305 855290
773678 968699
355466 102726
546375 674533
