795271 246604
767910 28427
850880 596242
776538 111318
94664 656053
235564 974041
962438 258748
677004 802656
543326 310951
623776 577547
803286 530495
296279 575021
300879 746802
813510 888096
149898 4391
744613 945169
250995 512523
973596 618227
108765 266486
729545 719781
922540 481461
693822 884978
740210 887178
203986 283536
198130 827762
861083 517768
874610 673714
609142 175489
936869 939004
63585 86767
943395 324550
31937 710742
353425 5533
845321 978542
272020 574867
698323 710912
56328 908497
112242 796538
795676 316228
596426 510158
660342 973861
27926 534952
163928 153420
710441 100797
92424 290378
187564 552171
131280 219501
779265 484705
741387 624587
979599 529759
199454 677922
757023 772134
102772 869265
85025 898448
185493 197803
408606 362187
171665 952884
897140 851945
622657 123933
952742 231433
930664 656658
299957 61944
392512 79222
63002 650251
220161 42601
180010 935967
236876 937033
708102 339648
322650 309479
754448 24495
507282 679406
386682 678947
632290 800174
47244 771299
440460 999986
2733 371124
172997 302690
433068 565509
898264 496070
215760 118426
538672 912122
54393 775548
365507 278847
631548 688157
588326 385996
712652 95609
65402 99334
290908 214044
415861 854505
985344 856321
370843 504429
227445 543840
807119 660513
625701 705383
672936 841461
340161 727960
269935 910907
503508 635442
189754 651408
323599 294433
