696681 702196
573204 394456
258443 222055
735942 666068
715854 94367
172145 663869
11578 340769
4979 694846
452332 831473
338475 542652
462786 679280
435402 771580
47977 7224
172718 141831
533864 284596
844503 746898
986792 417708
141354 761587
639763 877296
427656 355617
488015 116153
535839 499593
973274 540818
194439 425606
888643 49266
484611 867781
728546 436365
639361 776524
443590 812079
434707 493806
613028 279211
240704 599820
696919 382058
877760 853034
775706 305416
725003 263721
937921 260842
279666 911196
318013 990457
853154 723008
39724 337765
590790 768270
774131 746503
61146 734073
558583 495854
227879 687963
291417 984936
804135 988336
366994 681895
357722 659053
987311 82725
439126 441585
343568 718793
869133 661581
709250 722287
900941 748974
576405 491731
33597 350536
238235 611095
600961 313170
106949 345192
1133 914718
330128 805268
419406 213475
487164 777128
872528 990827
859854 311654
948764 719774
546799 817897
897707 256050
540185 798648
521376 632942
290380 71325
499830 528615
682421 100791
358137 305722
445983 359270
220441 292464
680890 639847
505939 168054
416976 894819
675234 276830
722825 623998
512956 269625
958248 410663
42027 14785
209311 79755
647727 16043
151081 147557
544658 833502
764700 419147
139224 210683
778417 359665
19499 975660
999513 525438
143714 932841
420257 335300
726023 659435
475651 238979
929060 433899
