505022 214591
323003 248838
419928 721789
270925 967401
853017 352660
97514 58298
118254 768473
641153 778835
853975 381336
207332 529013
142373 821265
716394 262068
494509 385213
943224 842460
574022 307963
641566 595397
38906 964569
844235 975187
202711 631513
458940 55728
984173 556454
114026 102427
324927 755180
881262 178902
652868 604946
224267 311593
942564 940661
90014 437073
325875 33238
795886 899897
341202 953804
11646 380108
434726 855882
355295 637437
487395 814235
209517 471568
370689 323544
573995 211969
595076 971609
390871 247944
92907 615139
559538 35471
555800 649552
988897 398027
682790 301135
814277 540344
254939 825923
436805 689665
198157 792100
843454 685552
122688 52972
673472 9729
892868 763819
221698 487944
251780 128922
252240 344688
260413 328130
380159 816213
494034 369056
730593 693177
670191 61222
233521 441483
887145 670326
647500 601655
978779 490955
287207 617819
60279 477032
143900 953147
240851 881951
957443 8984
10873 726035
353672 271286
54166 250183
603851 64552
135592 850796
757729 322135
912018 991251
763618 315516
177929 927471
917171 673060
934778 720730
290879 995057
197762 951132
464556 954966
833083 938351
963950 843956
180738 833974
631594 751256
84157 235445
815809 736101
86242 573538
58237 514612
81141 338207
830128 259071
265678 747299
448483 200456
984382 255715
711865 698496
206847 692773
653462 39930
