331520 362707
164501 308664
441103 997549
368106 521718
842988 664529
653766 380365
951296 755550
22951 25782
476357 217908
607761 582403
479784 46979
66593 780193
896077 903127
109909 513129
690365 145042
775127 538237
24101 939628
846901 465204
937178 215007
986923 780166
395889 157041
676884 863537
912591 699835
889319 905300
434095 497080
487704 913879
544060 554297
210425 956489
973776 320334
985971 180494
465376 761098
718731 489478
217078 81985
471034 154256
813344 457957
450775 209233
131350 644011
72770 43941
860198 962090
465594 294293
975522 953298
724524 35934
23947 934949
508776 997723
771636 494747
694569 753364
255845 413301
759194 472923
495286 230229
143532 824982
