795727 817297
623852 149883
132620 196074
934160 422582
48511 68342
280790 971539
927399 410536
809399 432017
313653 594163
212189 252136
377659 552926
564329 407322
213691 90155
270310 382974
84439 708734
786452 880167
526032 926656
30050 658652
639082 480562
597586 687593
548904 878376
659132 476304
805264 984884
424673 118917
579047 636862
887406 473059
189788 968087
396733 919831
58242 667043
302805 142681
892129 605609
22848 418161
532266 569251
593165 687700
49813 190752
375294 115070
585480 550778
107726 390745
52014 532399
26014 631062
169261 429772
620473 875401
397859 17206
795233 456101
200601 614390
115135 92730
736352 654335
27244 784970
739938 136761
472670 789752
