11189 34013
11401 3704
3624 90499
72556 59563
27846 84734
15382 61469
1605 50610
67991 89866
26309 98317
20695 79128
73877 78758
51123 43455
17617 95672
66930 46673
57194 5605
25486 84736
39618 36888
88440 59595
43739 77348
19158 71585
78435 34540
33055 80040
85151 17398
69907 27812
32067 6954
6940 22296
85712 74415
65752 3330
86440 49034
66355 59986
70991 91841
44722 26961
45081 33163
86556 88820
10511 5715
76758 88946
40255 9813
85339 41758
43563 55246
69570 91983
62200 92863
14279 64265
67278 80031
67595 70070
29065 50302
30057 56
58495 74779
27018 19929
24294 13574
8749 51158
