90847 84895
55468 5365
21087 86983
1608 1892
23740 54647
70108 32618
21837 76701
84185 21008
23034 3623
95594 29299
84179 62621
83025 92708
41511 13407
28772 20278
1932 74055
30239 9131
58950 85707
14497 80037
89042 32457
81929 29135
3456 52038
78105 25294
45091 62291
46302 84477
82266 58248
13776 82797
20869 13154
75505 62380
42913 20630
99010 44845
94685 29249
70329 53635
31308 1178
50024 36703
49987 48306
82190 53444
16696 60295
78738 78139
38938 41392
62616 21205
15992 92744
20354 36861
5898 95860
15594 48812
16490 30956
10009 27527
60206 96690
81162 7866
14220 47538
44569 64208
