72795 87164
83987 26141
44907 68410
47285 44417
49100 12307
32853 39148
59978 97789
16072 26605
25714 62545
33556 51749
39276 42611
87465 60982
60524 85289
39268 53146
99820 42898
82944 88967
46414 66931
15108 91322
51693 62394
52091 793
74701 84945
39941 51031
82734 72365
93988 24800
34911 27544
76549 90539
70155 80366
51521 30679
65656 90790
83825 81828
50040 83121
70796 96454
50053 85904
87776 1746
64650 39868
18892 55703
41165 58833
6734 40251
47551 722
65052 82462
44618 57953
73001 14773
38320 40874
61804 20328
48016 61981
2156 98056
45103 72952
10863 11508
58857 98639
13254 39859
