68244869 43363844
75238036 89156567
80836067 32511136
81887652 68851754
1520314 24529996
96151466 84335431
62260167 45635656
71817052 96655052
56483233 16129327
73958676 92765573
65183468 65406781
4956143 18466627
52514843 59099514
67584615 37292036
94688149 63730947
1131439 15449370
7094791 76369475
4605937 40447210
61396964 39009942
61815316 15433630
63539938 10483134
99769061 78316457
56118790 71586113
27487862 12602024
40231792 1446538
57883949 5415260
19369671 15356444
76398239 24400866
74455958 43982855
61692902 21660460
60230154 15340693
89626182 19841297
91710169 46748472
60288507 5623485
85758414 22103823
21057115 1814704
32586958 20826176
32647514 88705748
44928642 60135376
53824124 37676786
14098266 64224425
43092047 33467937
79580870 72006638
10385155 6553180
68505845 72078057
80729992 28735999
87418751 70356175
48577296 31645272
17104647 61382155
37268757 2863061
36002331 58325872
57194117 68589289
31668400 89841631
9811389 29113394
49977007 16151866
66790181 64075273
80376291 62398580
50059562 12473513
86921570 60444717
71543046 55427416
85039127 52273038
84163415 72457878
22629213 85257064
56619502 92250212
46639219 93888259
47629625 82641550
4730483 4823743
3747191 88915235
94665374 66074933
70544982 97158734
34743151 89851515
13750359 67635794
52250095 63809922
80109308 39171665
24254639 4168706
47115433 9293766
56441744 31278849
34267996 31587310
69052265 90887498
23837522 68207836
37292109 23983500
3365739 94538944
28807243 7112930
35970532 75988969
25704215 6515514
25664055 60447366
96367029 39414415
28083161 1133476
3224337 60708821
92821493 79995328
17393879 39936927
41805447 73835623
23732128 28589795
5422933 92784393
19477294 81776808
60992229 9285755
5760308 64357968
3824700 87083903
23987251 39795232
15589224 49691466
98827098 41253280
62655185 95194127
80667695 43254698
96327603 36408384
56479871 41665448
16403712 73873750
81602375 10725511
225725 5334503
39315307 5648659
50635248 58792601
39941819 11627478
20594708 45702127
28501798 76935760
85302382 52489049
69247344 891606
54696868 68074442
42144886 69868405
15784921 75328933
65639455 64628876
11737317 22119326
6294325 28141030
48509428 40413052
38866541 48735153
98263908 78181848
6900164 48899156
89490801 46841983
13042986 62601862
45060462 41544785
39537622 30362844
46550186 61301319
31254451 1247054
29375761 25915689
23631811 97677035
1244623 89271266
62305911 12981940
63906944 68600236
93639322 12416372
61529641 85022216
13667878 59793549
15720416 20568042
8692705 57727570
19926378 21735692
20329432 64986840
15796829 12383406
95349685 62347015
73684725 79120488
16110422 55576839
5036177 39742233
53253874 58797152
81529852 68076137
71779093 45436796
89192726 17934767
10369521 50722367
2956983 24037399
10515916 71193752
97121793 19208621
28921322 17048171
93460665 1767106
34551364 9257494
14150512 82417401
24120862 40351590
14054241 40231284
95928429 19090418
32489869 1698655
30403923 14019721
22291144 2183016
11972870 11483870
20117783 22342391
62206237 75591119
98896142 25238505
46784871 48534287
96963479 28222545
18098811 90424144
29989651 52650175
52197991 44140163
87583928 76318853
84491753 1638169
16550137 32936534
73244939 49040006
87151541 3648862
15576080 9442686
58348230 27548950
73442908 30982366
2407693 88165498
6573485 53820187
13404003 5874708
2354474 10367482
34097253 72969637
53307979 64086904
78136164 5505970
60743419 65720092
34341175 97751525
19874613 3407664
30688059 93119553
4964022 70355953
49284767 20540102
32314991 7632998
605404 5757899
38615364 3013097
93923397 97705201
56833284 59843753
3579909 11704111
70211235 90193514
84673748 76035566
6796770 15326265
34057888 67540189
81046357 68399063
65291714 53437323
71806727 48496126
46556876 76770750
18852079 95841643
49827204 3683422
55990993 50432609
61957673 94606357
53445706 8397423
44827910 62795343
68241176 924171
27015806 90968763
91117685 64205906
67004330 97914455
79532171 53578570
17970997 13094881
21977634 83262711
66532204 46300713
31758837 65605432
75587815 3127268
13963427 25415020
59327042 69954421
75847629 21284716
17077130 81809687
29682139 61905041
97121382 97923315
15345564 24137188
41408430 6463250
88343095 8412760
56894057 20391618
61991331 74865054
33486499 36485317
10644118 52535055
35302382 94919307
18140487 10890198
50562928 32103915
36305218 9889970
54574688 64669199
31174686 24168170
98995238 13373177
86073211 96116621
63812844 53935128
72770161 5221275
12914730 13629608
66150387 69808787
34021227 80658070
97190194 20024078
17143387 7834312
72559134 4962122
2753619 43215973
15852320 53316547
75319888 4673890
15722870 82410928
69343089 99413908
6579099 20854679
12787086 45168662
16971300 76599930
99103790 89741462
34337557 12018520
3371070 487945
34343660 89908649
81146015 84050206
9932728 50805755
91884518 82491862
55767877 47154489
25707835 24136549
52987389 53544076
28810439 21226611
88471356 50669880
20640519 95050455
71524559 33427605
40219118 41012212
62543888 91839260
83270026 96881445
3857781 39157448
97369390 90717793
29066098 31031758
74767999 38998826
34353865 19168869
74007040 90121742
66323358 52231227
14258291 71827099
58291655 43068730
93053710 46763012
46254962 13694230
41813467 17779521
99638187 34548937
58791733 62182075
26388198 42061759
59063521 82762331
81219208 8949263
73480124 10285306
39981021 48248123
1800484 74334886
19933344 28323876
16972980 38773054
80555103 83747623
10600154 38846759
79332705 56170216
85609771 25587667
22380798 79939590
43367189 22018986
14488528 2158922
36717413 93393078
96737034 95780934
76155409 77956242
57246550 2151885
40757900 97227571
2916360 42558384
24078810 22849704
23398612 93568142
61622758 3953715
77315766 24739264
95316826 56648471
80909481 33442949
34752491 3290279
13382540 78119680
77825617 80387420
32794954 14543031
73780498 82048340
62840317 2452259
60004582 20086867
4604144 53278834
69830791 7520504
48353570 46425953
30370208 71752182
39994095 91992966
28222250 69826213
16732231 23539076
78991037 50158064
56982026 13743528
5964695 22880918
44379560 83790313
55784690 29690866
50849696 29565188
11739207 13690013
32017447 24260141
86293233 89137943
77538976 56124024
96658447 25892546
55066329 27028655
50161081 95060424
71537973 78383331
17402990 40786556
1922407 96394027
90944620 11420785
62653907 96909316
34301703 7033467
33215981 90086393
89240685 84065677
72167933 979892
97755690 56701732
25240034 84048923
45839675 55295362
92689299 95014474
81187908 47755628
74559481 31348989
95332405 46097455
62248672 12735395
39400363 64171080
61645774 30344984
28108217 76816033
79770652 14926273
83849500 12986633
57529018 25606537
97052310 29696952
26586430 47324352
38915036 4342816
31373276 37271064
59638178 76578927
84801890 93342438
76850908 59361372
77207780 72183313
57975179 39456452
37435060 97375542
56143884 51597186
27720526 84252102
28413219 7491178
99178375 64779071
20477811 56707393
90385608 70046473
38920697 69488390
17370826 30352086
73831206 1260454
67623150 33469384
30355733 4941392
26811823 7206641
64302764 4019603
31906306 22277943
95992407 21857718
72169838 52136292
73454904 99890364
36388394 54384475
59897895 88083121
19163546 32892058
44790514 62065507
2938532 36227564
31553897 72825710
66579650 57901456
74086164 86719152
91370840 4441897
91660544 70699015
64164891 8479661
27234970 96071197
83273956 23227378
17928916 55443794
27880022 43900172
55334159 64268416
98284648 67748406
4867889 69964546
640464 2174755
32030053 56095348
38402319 16100303
81437410 57498321
74001759 55523574
96733825 17888951
12481824 40910722
41104319 76646715
49390383 20855641
72717912 32664339
44083019 43163180
88108134 24479393
87063353 95958645
41264161 85348001
63707051 46132050
55312547 16863867
48306806 39858953
25475568 39225477
55959256 6912978
49240151 82477367
14952905 45973976
52882670 79951081
86884698 93986989
56597796 88791433
14842631 81832060
21455773 11442002
24995241 62080259
35921396 12058594
58038904 29701909
49922947 74262307
75833960 5235494
43642526 76657118
45094447 21634446
15882595 53570055
81063777 17639098
88563774 96016682
63613075 41446445
75967763 3014125
35433434 85081911
44321911 2792417
66913971 65777684
66750772 44425564
80374295 55188520
56484158 90929551
84890429 6407105
17708210 13240741
64158952 13867088
89897859 61769751
35501535 58296807
67856159 16565312
75935905 56419933
65098346 92065332
97866378 93582461
47595810 85816165
78664372 91917721
41124934 98094695
10211757 7875706
42520260 90586052
15580578 51520770
34031955 52987360
10444228 51740165
66228101 27119532
65607253 8642313
41405635 1108788
66939120 9261794
70190452 95391377
65681728 87805150
87456710 16064458
81387611 35052520
54396975 12568335
79486593 95521910
63179383 89698350
55913968 58215995
80284402 24010899
62253117 14316357
76998259 72697345
18572874 43226360
52333229 84180127
51868673 93738865
37805268 71324145
3000659 60512072
66715523 21198739
48317223 6688585
37263198 82221186
94257457 91660173
47305874 73744050
39698435 10485257
63442400 48128756
21217604 96243154
72139655 83470721
63075863 49137914
56168067 81648737
44880626 61017648
18345216 49265652
54756513 8666836
73106149 57757173
69178909 39821672
78955912 70012484
99026609 68735462
4750022 93284066
12911988 52055896
19544468 5126775
15057505 82986868
53255531 36275109
31746374 25395186
19745831 94822237
27049452 28430250
28987326 24446431
89447898 99848895
73712083 96720764
8515731 99334584
54477937 30210992
39156257 85950201
52739828 90699218
7202016 57489851
36499637 72630356
9545747 56044105
77757131 77119605
39030974 31012663
13394714 23293700
8924201 85656897
70632290 88490006
66603499 52135968
12936437 8567750
51984863 39164872
5288514 13016947
38499456 12282803
95744291 30172065
50749356 48484120
73387636 57951372
5973971 9887273
30581728 68036070
65931378 60855212
45155675 57478704
44384227 11066742
80772405 53308428
49239991 51404695
94314786 68359843
3540663 59767575
29443945 8041879
51448799 34732459
73575178 42464608
99531614 69319469
72636673 50280970
17803589 46024309
60748695 76293912
8427934 43846775
44329983 74359313
4701987 42002010
31838017 49086214
5585104 65126774
54910995 7341448
16531469 1742133
75701291 72588485
61509709 5145236
33146716 12958508
92394047 6721894
55423116 91925661
76041363 80576142
94722983 46361305
79116803 55471678
75171569 87544738
51834806 19501552
14420403 56536793
14019915 46258420
58139360 19605019
11385195 65566707
26946467 80433016
67308840 55164110
5537853 81334901
60309346 38684569
94293410 52703393
45406463 2232878
97145406 73964179
35325372 91868390
72841836 66958528
99856420 48013405
7019618 4207578
20031310 21440021
13260724 86567577
20214793 71400084
58688948 84116340
36966791 38151768
64549357 56791983
93315878 22603562
38126885 6141577
61288132 84936647
11361322 59210947
39685877 8506729
85691478 75011250
52891471 11049666
41969778 5264243
59063072 48989396
9471822 31610734
22945769 22732546
70694663 43160562
46648982 29383611
27276903 36132125
67535379 44342612
92924108 13367610
66946174 83567345
19509187 80750658
68503992 83386861
39961606 8189870
44409942 78169436
35717472 97301413
89219103 30203602
55082009 798527
31709350 64553831
32409261 54655119
39802729 3103924
50332033 86451711
85003887 77608936
22583836 5055619
74467900 68024296
18423229 41414075
51591642 90448768
22164733 72611986
73835629 14642691
33318208 18245572
92812128 69035680
68063337 34547583
99239282 23145346
35346110 30948632
40215529 20271723
38120103 80018258
75891999 88452137
18986321 60895886
18577425 94086509
65951505 93045326
14627158 36891086
86975753 66218800
27339854 61656838
91347138 53691836
28815882 24665347
71937408 74144362
93701027 92517097
8691945 45456662
15662444 96554407
28921646 8394325
16826130 19558102
40928936 45234481
8010239 59915257
6130367 79104016
6518119 24598225
72149342 21145277
14005663 11641447
39880429 93861870
25814638 31227567
47553706 54630520
8409266 72007466
28774882 54626646
64524563 89983179
83308 32703359
86537586 81521306
93614037 3363716
1079408 34542973
48598197 61605999
46974582 7244916
40710016 53492701
84359493 65375710
27154330 50881509
77017158 67034759
44743379 2831796
50778679 44813437
9978668 11704297
16820903 38753550
66330943 33861818
28736729 18930603
19081530 67790667
52968262 12695567
71154383 54047670
47238540 72268932
68170022 94213122
32030200 8880038
222176 68906046
26772100 27376506
19787555 3789258
46927618 17047286
59137406 50222649
61860723 21632426
61926946 31197978
12902328 80774242
17576148 41639057
99704845 36657678
61946076 52673107
1869597 85616811
59237130 1624489
57885743 27407152
95837612 42432296
88803542 48576140
63854694 15575642
28468998 83642249
71881253 75396616
53205887 83535011
78135617 15066610
5167438 40062564
98780940 18069766
73353158 16357088
12225176 73058003
5531119 74171252
78247463 7400716
59788064 37484593
9025206 70190159
17408097 57379170
65138807 6211639
5955310 28993501
74303633 34424308
65152102 46184886
62337277 18357989
29719898 92989246
85940951 87403688
85568162 84721891
5473454 58921320
1078980 70214982
31979324 6610099
96902587 62743139
66527167 56690651
52744084 75552373
79397162 70152181
32931543 44535970
28880172 91403205
26045823 3183805
78343866 91197926
1885044 93197495
9555915 31604942
86186741 95496867
71524982 71754904
32735110 29514788
30676224 86330442
99729771 15171900
45456893 49148710
77915039 11984061
58355713 30659123
87536434 37752875
53327656 20467978
34805197 82207828
64387535 60851021
37907986 42731401
52048947 39793030
35928896 14121214
23914324 74631990
62134433 95439306
46386894 94869544
24954094 29579470
81199986 77200217
44751371 26656880
26348927 75182762
38640941 84704640
58358238 78693727
74973868 64202246
51678057 9779065
46410075 16065593
70630086 36834413
11313346 75195385
76627443 47242243
89316600 541767
21874233 51451033
95981073 20777479
98836929 73451519
50356949 32553268
50651737 47624672
11726500 29517016
75323787 2883793
14221657 86198377
81577520 89195525
50400623 33255578
51490942 49327050
1837523 22121029
86161463 13150869
49832766 62788906
12909464 39149366
63330673 87300049
43116752 11828098
8077528 41953681
85279618 10950830
27023301 35931355
11091854 38749801
17964723 38931993
41633594 32186380
25130370 23211115
73898257 28047346
8983045 25389200
29890748 10820568
26581 16052212
23971437 49859347
31357470 36880902
41525066 47204496
76697303 84641818
59032594 84774832
79111851 96828564
48242014 6135153
85276271 11850220
44884954 3240995
50782214 86518549
87943727 28428936
62246016 61841985
56476282 71229061
39747537 38883383
34565981 39774118
54935595 11053770
42149817 38809417
451024 83674883
38530265 77148328
20833053 50079212
14439512 99944905
46907776 62681526
58596410 32184048
74531746 3481364
87941395 77830312
42516265 75885122
6259249 57278633
37727107 15251883
28507694 77474644
54135266 15590027
69765114 61587213
26643798 11914932
52912983 27094822
95589815 91443248
4243150 68939221
41522460 18682662
68884126 88430237
33880540 27480536
73130637 60928639
83478252 61072032
38758951 78510870
36957154 97534552
35789503 27200614
12786436 16813550
57191610 19438054
32403577 26956725
81025268 11563727
91388009 33938251
38658550 39494176
77897851 95418052
8433397 19420312
66617067 29833875
7850549 53013959
57314411 33497538
13942598 93309016
94569570 5217902
71819886 84043076
2752454 7609389
63760042 15538890
24422939 20951653
34976945 9342869
424730 68518565
20906596 91812739
54973168 12081498
83823267 32871019
60015903 92256665
52291331 79149322
22090540 12658232
32163281 31921304
98672122 98622232
77746672 45758044
3840134 49566558
29801121 6592588
9692299 46077515
74647831 86631591
19545520 62141128
48490812 19970250
83176045 69397408
64299341 38149213
33995259 48122609
23536584 94011162
92895626 75827916
73160484 67502518
41002500 57840117
51940174 39674623
56462349 29686846
85432667 60302483
31769756 67750140
66895072 41462056
13827656 94059255
80609999 33373176
56200383 29100811
5859779 39376428
51014571 22675472
30041993 85009830
23314433 53578577
79020992 16210059
81922845 4697828
36228930 75441698
62537946 88169104
15116321 19000295
70372303 53065340
31819131 2142059
73331833 98714203
96120467 39675841
45289810 29246818
73049017 54006545
58347629 31425148
93382973 9362201
54100621 75941318
46888383 77415054
29519895 25909376
46141466 63959093
83123556 34886748
39400791 45661502
23055852 7033464
17178150 93428155
12615156 48997281
48086567 85946989
227836 96723386
25622830 45517646
25970205 51188200
99524191 84317834
82613348 45423516
46196387 89230321
73881186 93084771
19161728 55917433
71510499 17819546
19876526 54634055
52706294 11793669
52811910 28278498
18827133 69990060
74223006 31442290
71503693 22309573
69905631 71731529
19032959 95528462
69765527 45003164
46716662 21806070
81837351 81846362
19745938 28033738
23593036 93627124
73634861 42754764
2060909 45145360
60574310 21937436
52295768 65796956
33731105 5107678
94075454 5074591
27614090 68298460
89033233 99117783
43124385 58938864
23365664 62157345
54467326 45647543
59676861 53700340
67453613 94030564
88063055 39715903
74580655 11656091
85859379 48215516
6927207 87920288
45877229 20017869
62374076 98172997
85814825 48621534
3280675 32406631
53696125 30894765
705092 42729358
82528900 43829477
54184574 58410916
58503174 61168253
4058459 70696388
14868593 24028424
17243304 55448000
16260679 91823959
67104091 2120058
92555828 26547650
90040346 38433057
46565519 4930775
36606054 84896696
53552309 39886729
17303328 7248434
23297846 18008420
2494144 58343098
14354249 9195070
16754014 25373776
70363323 73328825
96070164 37748269
49873601 65829820
93196269 66134280
57653780 12816713
20770690 50209608
39364363 63327388
88642665 38446235
68258163 77765071
23342931 21810472
70168152 93162611
81575258 93465998
63687383 36585754
4325448 78041633
45780825 73595814
55931761 16144148
46924639 4518277
