7425757 58942560
2857006 15662071
13479878 37143994
33487677 74533388
90905044 34350166
45349729 58319016
22358804 44145552
54810129 1346266
31080042 15382418
77939392 82197041
29624599 83867366
38956570 9293246
25650211 47807100
45422451 28632901
4076459 58798160
95048019 64018569
70257072 97905025
32196992 83736950
35049019 18201021
10786690 78470415
5067539 8652771
89305783 79942696
52798324 96632265
81288962 83878366
12014683 11744706
18591759 94155634
48128424 57548329
55965232 26294988
5355430 1387684
54927889 61948241
12702196 2492260
78483162 82959268
52913638 63196506
19212570 40479009
81397527 29999260
71465777 38981419
38652032 60771560
18924115 43966708
57403825 213077
80361426 21934861
64474135 98953186
16090495 12602560
56501515 24572080
38897548 14373297
78476116 46341789
28837891 91178312
1350402 7321053
74137580 54264040
23033912 93350150
47259401 56947791
75865762 18725178
95929210 67034146
32013091 14853325
11000854 41933268
67582754 43878633
63868129 32056890
42831819 32474977
44659450 51849686
57047057 36073350
66222984 35523173
34931491 95060875
79217837 36281893
54898280 53355417
43062285 30448544
99221919 42838039
87396336 27604033
14079569 83325546
94638180 46092660
98178872 58155386
88025929 65761626
2034019 4410410
50334868 97382190
36885387 47510670
49231877 46448796
83584020 15454861
34488321 71031864
63032088 13706158
59830109 70446720
19577927 55408747
895265 71316198
98246786 40807953
98920232 12326355
24133499 46074764
10935368 74828723
56746502 51477649
40590350 58780522
55888059 90925218
8679064 45289799
90952241 57910941
91738595 27052613
25882154 78743269
98084477 41430594
44965779 57914587
11877315 64543707
13323334 65288932
88376257 64086472
6096885 39812841
76412827 30230384
85887605 87348195
57575460 42634108
91342196 50682162
53930982 47230256
41607380 15126398
92520055 85075973
73037340 36775002
12128587 98919494
68034623 10213064
40350089 13000403
20644003 4743756
30060462 86483689
70032688 18436719
50570161 28645925
58249561 26982989
11392661 96653518
66847536 68968121
91803978 10706085
19650283 98251312
57936341 13774016
13377711 2972748
98849989 86415051
92264102 10978576
37850897 60298726
21191641 30717338
73299129 94351996
35461094 3359591
80835686 58010134
74312662 31405847
86656059 85078575
10905188 98048721
81732094 30269077
19533194 26052424
40975162 39183478
24303737 51427855
52957494 90197800
54400603 4323835
29129203 46664705
15302412 66980100
59479783 89010405
50213791 32778912
35878753 38191237
88654855 16714439
96201372 15483870
636639 35373783
562445 64058179
85938856 34810891
46843608 5472051
13379668 40335122
97171881 90199757
91762977 2645727
80397557 98679932
6969562 9526760
97860990 74788326
29023212 57340773
16315083 31753355
42636038 52193837
69944593 83807245
68908276 66145965
51807467 22061267
1519748 4886265
38635799 39974957
39697156 85479407
45447008 5593176
25814530 95135241
95792933 70093859
97780968 28706842
21290144 4750530
90749954 19151134
32055209 19773167
29008259 48370292
51526522 24160649
564129 21471115
60484247 21988758
40133432 12291714
44050025 94169533
17177979 82685824
34144490 9391488
20681584 32107850
67501016 46496114
27243091 63293950
69106325 25024059
92000792 90396469
82290941 82750747
62063955 14346150
55040266 91072215
62716443 59083140
67749216 15796924
33070608 28233463
37785682 25720392
93041530 81835708
19889925 62735861
17037884 6550767
24643701 37719468
38658617 92144718
84215582 18418060
7955020 5838260
95958471 99955812
96234729 78249413
35222911 10815037
45111915 42779529
54403604 60344710
54379022 22152820
76141635 87449630
2902636 13927317
13170022 48460518
95763025 85576300
11196379 12800910
92127067 88356433
3036730 30785685
80501151 39768665
1720097 88456171
45606925 97678569
40928335 94358006
28444334 28667599
5173043 73556249
71447128 59576647
86417312 25826150
34245820 62558947
65792132 89664808
76486264 31478507
38125326 24765642
17054807 1838057
90082904 9181874
90194490 93119634
92483911 23211993
32888299 94204009
11668164 31011576
91882578 52596500
25369583 20326912
33780451 83058978
46399513 5227579
95151978 32816825
83570082 29397798
95375772 1878566
71578958 24378389
33357073 9704284
1660383 50411880
64058693 44259639
12110107 54253184
89895625 4594018
77465177 75300277
51314379 41649694
6311853 43196957
46762546 84197788
16040221 80542997
67256767 14956087
38286928 62408745
47772912 21857010
44322895 95665037
23735577 15901853
72559778 57092650
78122489 74220161
60020883 42181182
70996152 72130990
48950718 60891777
29241360 78932248
36192054 80555740
20581942 95020260
23752697 67344488
79218048 92309271
403837 98991167
7265358 38690765
13916264 55038270
13064128 10755511
3219659 36799705
26657364 75779437
46408707 57296205
2515950 58945942
99477388 73512102
31076932 48428106
86920232 60318293
27360354 23112286
40874033 458648
70648898 17143082
20319488 49866947
9452353 20723325
1374466 69234063
59414091 15290731
76788686 24994571
26046242 80008345
61794276 5219959
55787783 60719335
62516164 10820085
19665278 61993552
84332188 3258562
62938011 71252420
63576855 42814717
46881058 56967240
43273366 17529957
74110323 63592854
19913256 36079028
36832532 21287722
5313092 48762975
89094805 82101778
73757546 15141048
14626475 88068174
20361007 22930610
48787509 35393523
33750696 20969139
97387076 18082884
24227702 12841439
41851656 40320909
8172508 41249066
49804502 51445874
58779023 23914825
67555081 78692279
12510205 4387613
52496354 70339649
5666940 41591159
4957779 79424486
9248559 19584255
20009012 29609566
42514865 68796521
17519442 76265561
42282013 14906518
46864797 19026067
80264309 41232805
59346976 88436817
82481872 9151478
92399044 41260895
85582655 12470477
72469527 50609213
69374442 77482233
20948862 75041382
19073392 78422994
6982220 28321952
98007249 26991232
10447870 93038466
95787753 27967312
21820380 90586118
95390182 68685177
9612185 28170843
9917983 21475514
69124013 92399855
83143344 61523057
86177102 21242352
73993534 11162981
24367917 43367976
88645214 97833131
18409358 60234959
76256125 25391578
41073263 26779726
52382810 4037485
19818193 686915
84521150 41638573
43789386 79911332
62840102 53401571
60598528 72758085
27393437 29722541
17674292 63053134
91245598 56367747
84295486 17755484
67530728 8663403
61123460 8692295
6496534 32049170
21443606 35269012
9957100 62516869
62048738 14856262
66554354 81866931
68059529 51075504
76021856 11848915
83503189 38861959
17766839 44101717
64136396 45160276
26340610 34327041
8213410 17586208
90694788 45025248
87858044 10741868
6205003 48981504
71950515 12701538
33547026 93394121
486902 43504126
8427342 62535640
10876740 27498049
96918924 78936269
31089905 72940780
90785185 67109446
64319091 8552024
63727515 80971840
6228652 90068125
15298881 66958415
60170685 58510021
11983663 48028729
21768241 18188667
49526585 93718757
83406557 83073611
39629230 83893459
79094089 572925
98945451 89970829
28070974 95864375
21423451 11677231
21321508 12208636
78786678 85640599
73277012 42514193
66612439 79505664
32582319 34427672
46464079 45269356
92937693 10964095
93298086 67222287
81669114 95341023
13457396 17592023
78414635 53086626
54001834 10025076
6175903 52947285
52512258 34246877
1328013 73935709
45924109 22649521
86144345 77227139
60806472 11937709
19741332 27418912
91443373 4840003
14362936 90423805
50109360 7300630
53904252 95923798
27039269 35573366
91264821 40496665
5681741 22195808
93583291 59683575
32220885 99759195
65147212 84733143
86522424 66475225
11185204 84962885
89124746 97329549
62190024 2447571
9267258 34447709
29866483 53226983
39287712 96745771
96167140 41913424
56562753 50071392
37837222 83602022
38161110 29102044
24098687 43842851
3814204 17681979
56042778 36035089
69957526 21189991
73284584 8996302
40181568 84469788
93959188 81822667
34315689 8665564
84270238 96099299
43113273 66653073
1842635 34917338
63398844 98009775
76830762 19961598
597520 14667985
3563620 38758630
96286381 27662308
82601482 100585
97860639 38644260
88652027 20334517
12350603 14452963
29330819 52532172
51439104 75806359
34354839 38271145
36988276 18625077
34370445 80101549
85278150 88729432
15018887 1193346
39255559 44366002
21154944 39853079
11550339 77234917
78611710 7836720
4897225 13729544
60453657 55274216
52373804 1622036
75608733 17240760
16075000 57455904
69772932 67514104
85778616 56644123
5785249 22766892
27785552 92672046
55384793 13063702
33917830 70403681
14257048 73173390
14769683 87928345
13026469 78836374
65163262 91638179
86673094 22576839
5367723 99643103
77851055 10257880
1265140 5976140
80014992 69856492
15948396 49787924
89886948 1727012
58948399 48188549
77010256 86733951
93376948 32395050
52314005 27294778
2798731 19087405
468168 70084766
7015750 66010990
48921140 24695364
57649169 88110586
47272203 15533245
40270041 77639610
78307477 94051533
83615750 58322469
16424377 52080499
60626745 6311325
53807511 19575144
7016227 30817768
6309095 393175
15729170 11139452
80204305 18527901
30226857 33188826
41129019 37242608
99199816 42566511
14454324 9365337
83193449 61726528
77414934 23463490
39366138 55722411
70031376 75498241
14044880 86455753
27578740 27187977
92767079 33902603
46763121 52299658
17236723 5588568
52692833 32965893
16728020 85413490
4010146 99471230
18602316 97655517
89230190 70318484
92738380 3684514
32200174 75931829
65411042 9615108
51911672 57293533
65337520 21943048
85308126 31898752
8398801 65403218
11603082 53682232
51822173 10882555
58498242 69058897
16471124 11191075
54541142 85715496
49120918 11067641
85186726 67723234
61239510 74416916
90558071 53977891
30617783 22758245
29909720 96028825
32373353 34337744
5838710 50227225
8797144 91146836
34642330 69712298
56550054 46245412
23394530 8372228
57127967 34409125
29947477 26115443
45600200 37004971
64347292 47237470
588964 49534018
67477057 61828475
76467287 58035128
15806366 7085070
80793373 98232438
55630247 65683078
32570183 61468958
15910304 41367327
5132146 3068986
11079625 14198553
49314398 86990508
22570781 58958717
21399633 5034610
85074161 19516185
94555933 1937805
19270008 95144898
51471823 86747065
56973373 80455462
44782193 72779739
40056884 78091918
23528529 48203484
43774996 8615064
62188794 59685300
49982392 67320940
15270638 13578369
81519493 64585036
53085229 56606626
76060106 27001214
61641236 13650619
99033752 56197170
15588424 18303760
3858420 19576599
57567177 60831793
32062 2349370
86127884 92605298
80441288 62172765
40808782 76732636
70787830 2997576
88934289 73286574
22834869 4204927
86864943 4354362
21306316 92466525
13477341 97366422
71984091 75118577
11017041 23534195
83832099 26605465
94354307 40206871
98698416 51921484
1038664 51246830
6787206 39682900
43852129 39744846
1855666 37177263
16477483 72643496
92691192 5411772
45930070 15526061
9616699 85311365
72396775 83439367
30294242 85874116
80805789 54794686
13509046 44339182
78328881 49857497
23460999 72683189
90064369 22159416
77121025 43619385
73406246 83908232
35818638 69774727
76169430 37674304
6951991 45163265
62834152 52159535
50575037 61280574
67685596 12708089
46591939 92598723
96147456 29402534
30989192 29469598
84197220 44498238
73808780 62526101
46872087 97269780
87725642 89452808
19429196 17363020
33072194 45351794
53787604 68890832
15126522 29957034
59081488 74594865
75120300 21915640
26754400 78211689
83196214 46956348
43436130 82304505
39555071 92099939
11707039 70544263
21569537 95904259
67558853 47894669
10946713 14430941
45164449 51188707
3883749 17109997
68551727 89472295
14978144 74855683
10879479 30104666
4812718 69960967
4699531 32449370
91876607 83970283
63177411 75072821
30926631 6613542
9893679 70481702
98713481 21600718
93542318 72799370
70021330 61101171
20694039 33484395
28048464 18374841
84673102 84448566
88001190 5741182
26437213 2979334
80596865 37316693
85600352 37925935
7277660 42816235
22891657 51670620
26786518 86069069
79259793 57713149
92682611 89153472
80711204 43912444
10754191 74253522
69228166 33291873
87871045 42438557
66776268 68435862
60813398 3965722
5400780 48814589
62223256 31837993
4310275 95336474
21671038 89910628
33262409 28948699
85243215 8670419
80619319 12029734
94739488 59879112
22259235 39938451
1548937 2970439
83850895 12303128
29740313 5595413
98111353 70127711
48033970 64887621
38563573 8847369
21369695 96480705
10178310 83592952
28318698 67004937
78929426 2506089
56915565 64708187
31454788 94675133
73378606 64590459
6704867 68118094
76985923 81480454
60572897 78534860
84450894 96940144
43354340 66707559
2535557 41465693
36835270 50569528
58869666 27915195
11933249 80239362
24395900 74627911
16348666 5230951
41632848 47794444
7737040 51064766
65018983 91708180
45739899 38397590
56298639 4961118
59032036 85800914
86441572 19604934
64335775 23408818
69061430 7690115
90116378 71596988
1672161 79468000
74682868 60541827
7383196 86616117
93297541 84295448
13760380 62162559
42042751 55393228
62473355 49779791
6457994 27492339
41487971 4714245
65889929 50302962
9675363 77438317
36103877 96116936
49559603 52956004
19525754 18621034
60646119 9642132
42734374 14834632
89110133 17417242
27892812 49009681
4033359 73706705
33305129 17793739
35869265 27864233
25703319 98342620
77644024 84677666
78351311 71648348
89391911 96757592
74467662 99067275
74195910 10571539
95184211 76271865
63527543 14709965
94892899 76690015
76868450 37627273
44040999 18494935
7560867 71933811
67504616 64110578
45640517 53326097
34420669 34026134
81190330 60123989
84885106 11350707
44801655 63236418
35515407 34193566
59994010 9983069
85777193 86706272
73070961 80961404
62978138 89114856
48187722 10387389
65804871 25056172
531015 62362223
43551107 8091882
34296034 63572075
72202461 32452903
69414524 59139482
66479037 3121207
19263471 3880496
66988266 16581478
67116914 2503673
3291397 79627276
12486742 89068590
66333549 85557703
70029995 81828039
74672560 18217717
92215428 92993783
95790241 45262795
55356006 91857700
53354678 42168393
7946127 78073491
74621296 77360651
89729325 93616686
32998210 8992797
97497182 99986476
78090627 17130448
2490149 81382024
96757724 14976892
70450615 15607625
53050947 92996962
97435664 27723507
63731031 42167445
73233643 12037624
87430240 28589649
3895324 93301270
70758042 11841451
23891113 97895691
41718454 13620439
91512377 27233017
75129588 41525911
27219493 53220215
58656359 82225995
34602240 7930435
49719239 57569207
23538061 2770186
3082521 20973725
83010046 66813552
15657522 56243689
78851176 3087763
37349690 35262852
96389033 8107733
99620655 72796499
6003424 93855461
86416938 50032153
21088478 61546526
91558064 824324
14766741 2730775
83050319 1885333
10661210 32769558
11970892 34199271
88056096 15053413
7689349 71066142
34383317 23346871
79826183 65750845
78950986 17175874
53530049 27856372
25283607 53150704
652871 83803383
99522518 87069809
86351888 73127348
48616335 77909952
73951672 15899428
80640727 9518343
70301114 43818289
94804253 34788358
78017561 82860350
2358124 38223262
6442844 89257793
14086485 86269028
55008639 93037472
3444902 61055040
20893844 81244861
66722097 21546715
17564596 66244615
8616524 56432836
39371963 9749211
34342788 65839988
78164991 67499867
75358331 982457
63834508 70162585
88287168 41852069
5539287 90645292
32591683 11982131
79903085 46678169
50767511 87428076
92231993 6728765
999469 13125837
40489978 67721566
87188904 10570926
33966181 48321780
67003762 25854496
10587343 53862902
91694484 41268686
73879121 19569168
42251144 37713630
89731753 83054664
32082051 47787392
73699956 64673735
12285875 6119393
63868256 63053387
46063822 56100249
22298504 47063291
21742438 62788483
67301209 8931342
25875761 53783742
57253122 92879524
32154590 20356817
46742426 23849075
61625503 73137900
43418243 56392999
10851530 85666348
39447663 42933581
33453740 65663971
7607316 45739615
71783365 23991924
61309354 70363539
80092173 83607859
69943182 1834611
98912694 89760743
63282305 24788455
43544485 73051779
70184331 75699075
93408596 69443110
52064502 55034100
42581010 95482745
11427099 53432540
33665445 50874763
48882473 67119185
69055086 9006142
65375153 40838451
32998066 26684507
63718342 13090240
10292366 86177876
67441203 61721412
75938619 83239861
39026220 71999456
56291640 9210551
47698532 2216589
31170013 99763034
57250689 73751023
47762132 21194140
79699915 33943929
24585255 28582389
1063115 93640342
37588531 66438268
86995145 70586597
45639127 3229840
36193189 8447846
89407716 56150745
70169258 65346336
39390606 9195478
37345792 48198598
70922382 37560676
50415187 2092395
89840063 60182228
28359771 90118547
33892721 8059686
24062476 58477976
89158427 77641943
4634670 26746958
44080211 44146168
49849908 89719339
47376008 38559449
98167185 36783724
47226546 20852795
54646412 39133504
82564626 44508557
87332103 6003360
34585585 90263642
60612107 24425648
2962223 88971878
67060547 36854944
49547917 91123024
47849272 91222696
68764967 5000295
70486007 65361531
49146463 20335915
7597222 96522471
11411716 58280759
85822547 58638263
79133554 40468960
97771767 14214532
37493869 37620222
20217892 72079454
27883865 80830000
49021455 83362440
22318230 16082002
20217384 24382499
59721378 20583008
15605196 81002698
25583303 86091203
46364229 74729766
58943470 6477803
71252237 22871538
64758562 57074785
81509801 96408468
50060097 31797921
10623001 40070318
69418143 30840893
64666124 49818360
64187245 66203931
33180800 86505476
82285934 5914536
63404327 94523664
26497545 79009523
75526362 52080848
17617078 74406943
26810615 76560548
80884746 50579204
99432087 45643308
60170341 33458240
42051777 62746790
65256161 5191130
2817108 34674305
88548375 19999585
37009017 52735621
86203516 70189818
91757449 21005802
76104354 55161776
15529467 2601899
86687652 43572181
7199100 4304730
17979125 86526067
80865279 98863871
37105271 32813718
97023532 49791965
66271958 91591661
12538755 31528120
96782791 67872216
18718777 85331166
