11194899 72986074
5668424 10571829
76243347 65380042
75383735 87921959
92647242 22436939
57259505 36893120
74644225 50164147
2319625 60440515
61392408 36979512
90571201 47417809
5129846 10721882
52034118 83644497
35866001 93508780
84621770 49165736
79351057 57345361
60798471 43062309
30331435 66466895
53634138 59091135
31846938 81534226
47013094 77010532
3971165 56788951
13903652 31131743
6953099 16223278
91572258 20861859
5719142 34659811
68279668 10848989
97898046 72830138
94493486 33764047
66338918 31631608
35446136 45689976
41493322 96244607
88752285 24341109
15227855 94902775
83432244 99591145
28953353 82961691
76601677 32924519
39750642 43021681
16572614 99220093
11761311 60661224
72598304 17480454
47837388 93394324
28329443 45735434
66224462 75339281
32015833 32563381
59487242 67461969
30769709 53496916
63706577 19521994
77838025 78934432
66941121 61270270
31041929 95894475
44231961 7643606
81335346 36498955
3181639 97907960
35719049 14942951
11085536 8317353
84939757 58922924
1711678 65785552
4658358 20452492
93641185 36674192
53015873 53128427
4136161 83785582
59141695 20359090
55823928 36979721
51809874 22765050
98249991 82851803
71175877 94998304
43011761 52511223
31497259 46193401
2935535 19732660
61136352 14021071
80566366 46076109
72943996 82278044
64378013 30118706
2730536 58019198
66792898 8262762
63663978 23445412
44564696 22805673
43804502 388625
59785394 95614377
75670027 10551737
30982532 46845904
58066393 73994294
51873479 89563653
20187695 7325366
61812665 33840399
21346437 42379031
32432860 46806785
77173427 96810873
29441844 32420316
54830071 48751094
40683078 18494049
72196506 85247774
93816075 68517361
38152751 53601469
16648090 66339130
64153207 47630622
13185034 74735952
21624916 17574865
64299605 94328963
24900231 78628623
28169362 98763021
21007654 60602222
45569806 50697434
9929447 75011650
83117750 64759519
23762745 76317180
35769920 48475603
14081306 29585995
69509316 52234058
35703817 86157406
18573188 52373376
33788029 84274575
27109328 7929297
54365792 43925286
2258261 79266024
22553909 30427623
78029045 96077915
43546198 76115203
46775349 53475645
3643206 29893099
70751516 79922303
58726631 59037789
80914258 72807938
41140136 50423575
25041996 76843953
36580981 96131536
81733681 22885362
32922463 8843010
30814660 87288256
52768296 85589273
19070632 27838557
68533248 49616029
23916472 64595798
78247584 23208174
70587796 81890790
5617625 41339312
14329445 64344257
52893453 95243704
37152195 94033590
98183631 14710543
23393895 34764612
63358431 5127577
10166327 96280895
66486939 93497339
36085503 19255235
79086612 55156135
99610144 47619860
4772164 76042968
64732011 83019748
99251142 35319807
17426891 4868768
76659119 84272688
21729377 82068925
32032744 58881572
28618867 30216375
26108467 4529114
17497340 89466898
62173043 27663667
85747793 28659982
21161006 74349648
431569 52763970
29505783 41713
52900182 86794299
76084682 17632193
22330400 27852176
52952000 39757291
32720944 82127472
76546331 6966673
64196397 8579076
65848245 45331616
38795451 44473064
49860730 56292791
33939963 12033774
36472810 72204108
40693756 57633816
46553757 93641678
10397786 28575892
93683391 63297969
15370192 22284425
33446514 37700592
50136602 86398515
29974235 35373898
68525987 6520566
42340572 85238736
15099642 60705169
30570352 6411446
5178234 80431082
15220589 91634549
44981208 51693400
63838657 38191317
9327216 62908766
31832995 72241355
91484659 25516386
88055676 6854851
317164 21502190
97071795 2970118
60417057 27046030
38344016 28943044
33566596 33200940
14181780 1182591
93906110 97268484
60110389 51600696
77699567 75330978
95751597 75197127
27024378 12106606
13388444 88867947
75015373 45221439
13625654 19016384
23254178 1681330
78387587 23571342
75699872 75459382
26541460 36116930
2505412 17401828
17576326 88588360
50602769 84274459
42287303 97025231
81542943 2397692
1142279 11758862
77728671 96893876
86955990 57269401
9000482 344434
46137348 36532207
45565874 59763002
55548591 68820052
13960684 86452530
44907746 89660557
61911912 23965558
78293839 16933676
41367386 95870165
58038389 44486507
80144624 52842044
94028090 61687568
55239737 47686721
73446430 85484760
44580597 12918772
42754161 6097432
13263207 41407862
95145991 58829081
53687216 3210935
80165485 67647901
89663465 25073231
9824810 4091730
49038789 88118649
21025406 42922527
83988814 31580147
39925387 16649791
84422192 33953477
30853711 92178281
81640199 56816493
77663041 78737148
69735266 72933554
37350932 82998473
66857768 85013276
94343906 20544985
88224211 74509391
88192886 30404028
52098974 98017696
34495758 53654115
38652697 8037517
96576642 75157863
39617664 89018381
91807654 76556208
22971859 75177717
68734489 57128410
31994211 98913882
88381910 1729477
24363789 25732843
37244302 91221557
10746119 31588208
64282894 51486682
58613951 4992132
34407062 10712925
3009828 21419173
16883392 41662525
29456690 13460034
16820389 21590706
54994768 61144395
98146915 77966627
36322113 19397756
87611389 20832676
70827991 75993299
22562153 95191780
54242494 59806455
38929689 17504965
43911015 55728936
68991647 2524966
60721068 55915062
65754243 16247249
77334235 82637635
10426126 6790925
48614021 27246515
80897983 3608789
40907263 31561250
34091768 29745728
50959007 21703157
50578404 74303350
97696457 73140557
22011482 51938951
85463364 60941171
69443917 81890731
69186459 90951916
84415697 29907528
46866978 2686292
46154777 24201213
85323927 56580903
83508490 33937948
36343771 64406474
90063090 29767386
95967724 24154858
59513114 99443083
45858016 10091518
26262785 96070825
83232075 48274267
48009776 21211791
61731791 69970045
3102522 30918250
60921962 40034571
60825778 60305292
95237215 59496907
37022858 80561142
68594163 20531348
67015442 4937934
37454174 9594884
34705320 85938251
33749743 46734786
85381334 79607759
56826304 11644120
28194936 92574731
12434739 76204712
13786522 74166530
98691110 69405396
5084781 12129424
61956319 18426911
72434716 57193534
77923819 9457574
90271028 99034334
82505275 9802822
56488620 19959449
19397707 43710292
5897700 53147450
90445078 43795387
85271561 47271382
7955859 13466497
39846113 20390598
42187561 6148987
94557129 40878671
28070735 52158262
5524447 42543406
70585173 77959164
52253292 1025344
39933090 95040672
59678 74954717
4843494 56548298
47430519 24241201
258590 5844571
29905003 90703668
49639958 67692916
90491402 10112169
33675765 30337515
30502768 75863327
89002854 77576249
69258350 69589941
29734511 74782798
12133347 52836036
5258314 16902991
53861381 97707756
11943663 53921059
72662474 16787158
10469358 20092993
93544711 63244300
25937564 75966067
53947969 28093875
43658983 44439371
38206044 77334749
27293239 21225164
5714428 68812445
51317765 74972778
38402387 33568628
2271928 3052086
86404665 7530242
19955078 40266046
57754351 31898741
94187105 82933177
1202251 57172815
55542522 94746963
20417116 33996438
70713030 26881437
62090313 66888365
23837160 52812710
44223114 3646751
26554226 2453894
72459197 30388344
77426673 63377936
63956972 32214953
66430022 50361637
92261548 38901452
43144035 50015899
70800194 89847493
32949076 72002445
47020308 88491598
19265760 19953776
22488036 89978790
99351565 37094702
56867156 75705078
42423764 53606622
79351829 68977990
56060517 4327378
51882686 86003542
67705314 15839659
18218495 86651689
18717648 62996395
25553141 61861684
13012294 48869687
51709177 98477722
20872133 51245837
39485672 92654245
23715966 14490061
82633036 75583883
51584763 92016544
51288961 94008527
98139518 83157143
15502869 6716387
87484521 67385556
92719929 7706188
35741567 63454777
46874229 54459215
26451172 24943722
68837251 39463467
73813410 73062780
90457541 47201895
24308618 29943214
39856140 540936
44433275 75005528
76124819 48534390
19538424 79930133
95059269 17677943
15603628 10562138
76910682 3088149
30464046 69630612
63310689 66205613
33085389 62701270
73181181 12052913
87644993 42018432
4032732 13974755
15081213 94490274
61176650 91906183
76949840 53549142
92447119 73899467
81071023 21088290
22433857 609447
53534775 17493126
70803742 69138403
80571616 47714425
24742905 63552015
69861389 40569946
29757628 2946778
3271217 55455161
67516043 90916210
97473594 71548776
57407317 65071159
18555402 18583967
56977342 95505242
24649461 1940813
69404709 5720484
75545455 91838566
6329932 29080231
61848044 29650026
50734986 94936012
77364451 75477891
58488027 47225840
16047838 40762008
2688970 71835407
96217169 70205014
15267969 46207115
94270142 72675286
11278274 12825544
91259253 20771968
8330786 68425066
22712781 30251847
74145551 50774589
74606765 80475483
32371172 36454809
10125509 83106158
83907173 40006313
11100402 42395201
39748505 27148240
35673561 42437476
51499999 31890730
65158842 66767968
30614198 11945336
39443254 41892472
24770880 83218859
15180793 85618018
51643925 37893574
15869865 25789476
41184515 90476630
58781311 73555687
79447791 21423173
56661846 15871316
13945838 67762248
58266517 53694343
47426840 46456430
48648171 98926839
78347161 13807013
18211159 8961359
25752349 10170765
3370183 3039581
93389624 18550976
88657599 97549901
8960903 57043816
23339378 2661770
36798 34637041
76217458 32000941
8576566 85395656
47872258 22522404
53157904 58655127
76216748 53101096
5111558 24864919
4544287 35975071
91188285 75271798
97452782 69456986
85442563 53339317
72496568 78832187
24406646 13670519
76382088 33367549
70714336 52237818
36029319 70751134
39391212 64763129
55268428 47967778
50158785 3140686
70490183 55833041
14312165 46706931
8934137 19423723
71571850 65994776
7915146 15276487
41266574 5367928
84733474 26709137
58707246 57230042
58057676 83113892
23416913 86956117
68997793 94131249
39193935 57543464
17398736 78585147
22306594 72667164
26552926 24981731
28324202 49559461
80814773 42636367
96266392 42265262
14576443 20354594
60776391 22491589
35631082 2042965
80375870 72880908
81268455 91599468
30110950 39326131
74713360 6044215
26282248 96227505
175465 17992536
6287321 70090553
49094035 81110267
95274069 28163313
6091999 23598271
77722774 39423124
18750990 73989166
81688386 85843785
46860113 94981129
60851727 35007547
97024095 41227597
7888455 30808902
32827065 90515757
22651385 60056777
96559972 1449986
8800634 49251789
71958874 15087955
19342342 21052909
96198223 14616411
1732575 54806574
90731034 79455349
94229698 61998377
5960868 28434436
358514 52820981
23415566 61210241
87828528 72956013
54954190 48233335
3764915 40297607
38749092 78932652
52870736 35309064
32898990 61671370
84560854 4857864
29275678 3903196
25910774 25473901
71035960 27643349
32796827 14283346
59615050 27026525
28798075 65575918
7977313 29156590
70913251 31392879
42883183 11258131
4348892 97837374
59491466 60630159
38134981 98240558
92079164 91005718
86065975 24978154
5193440 70626829
29836019 34469118
27046377 8263145
12459371 50598689
88422846 45256198
64882036 48037896
24799075 46196463
66130167 32776389
75353053 89559770
16685620 18236237
817902 73550865
68589963 12825720
34181024 59241296
11066279 78776540
2763366 97132254
3754695 7956807
20275435 33590714
94942277 47321812
94370211 7401649
97920502 82793057
5174199 15318890
83347305 82489627
61515353 1993824
67782368 89384759
91553595 84467988
60137348 92371497
58018853 28727311
57713569 44716230
87968607 68779848
23492770 43248326
18428454 27247465
51205133 38703889
13354531 46147410
38542054 60241094
6065411 88978908
95550503 11239611
4297798 78897809
46245590 65813151
33407985 14027958
7714262 24961580
98495946 67851610
69849429 56514800
96578921 27562999
53747382 37063881
48859199 77240152
80312207 67287654
57003970 84033692
58507895 22874853
82697454 49566301
83115948 88762866
38545209 78666451
52518829 42843007
10080612 98764419
61172511 43488598
12792377 68886773
20966530 11288323
36738384 90815960
20319475 85833657
70895311 26583209
75413890 19754510
3823362 55726097
39558516 13343684
92276141 50582764
36218537 74973596
149065 19334485
16252814 38694275
50517289 68771643
34053634 13114253
20052414 47742497
56602851 32844791
16629271 77569382
96649466 5884007
20901694 69485294
91717664 91797005
96068503 67131555
11551515 52408217
75374004 3626384
65751901 20166498
54209148 54486791
95140094 54358213
26337628 11392908
45568840 76854917
32680903 32138827
89969171 52733317
79881324 99088374
85578108 49026947
29174108 34743926
54910954 50075802
4229220 99144971
94389159 52814076
18792878 58457027
5222293 94166882
62083411 23490547
14333380 16292559
77977338 61989826
23167124 4314966
25899086 21252317
81169884 58579989
53391144 23655407
11313306 85788820
22743781 49407766
34815768 4434242
36668045 42243074
54510044 40897265
41388045 48899204
46227693 60180923
7356231 51449987
6864158 21955994
74940534 21197538
38248553 52917872
35703717 13932029
57232838 61602803
35184346 90919074
20182793 41091842
67090833 84012451
79397015 42350967
33420218 14212783
46785209 70088263
56455857 53811605
63501880 50360255
2710809 9729574
10541178 62583392
13695913 17405336
84539386 88636447
91119227 75304291
94070671 26822944
41752673 3819861
88425747 29453371
47255288 8608540
23061566 14346121
92620992 2458581
56697088 78557562
69187716 55998649
1162177 25643573
9810255 64664057
76003828 65037416
26909983 39061359
27620809 40605896
56466695 64676547
81758695 47585922
92497191 75829366
26925218 34249864
32165580 15350966
16219587 79420868
76475858 39281153
46283341 21613202
41739734 55496782
170764 10927450
11495431 53849293
89087376 21305686
18513351 17607556
86343103 97939686
56668915 66480264
38545583 65651963
31156811 72820630
65754237 76170354
48649997 92679456
62936570 33331929
8030422 79156158
12752797 37022632
18437311 11552490
58635835 12693398
67049272 11322951
23620848 78544704
65172245 65224576
99850390 36201948
35348485 38709845
34141634 92017400
5190109 25203569
10185715 88863273
98024200 75939953
65033627 99190549
21135761 27970198
32522478 29166183
59642708 97791627
18705167 78080019
9344117 77341002
90773417 76393390
41180306 66910618
7454446 6352551
84651546 7304836
95070851 20000031
46014682 81728837
64533784 3721143
6932407 74719499
92584416 57472959
3175804 57618044
56663508 24311565
38104594 41702338
5994100 97747302
39493965 24699268
28343673 1354434
54556622 71633443
30264176 95736928
38544061 37718622
54605831 75711959
97539811 49676682
95711991 96070845
31405520 12762127
99791988 90854279
39997978 92376405
48327238 43173783
2510801 57507098
20001700 40615395
99209436 78512153
90879049 91219753
3211421 19222722
45090539 10284395
43372517 75354716
58537676 81916578
13073338 13143507
10144890 63129501
15336542 58373233
59200346 99258414
71135360 58992335
90112693 11133338
3885092 90956283
6823473 6395893
48463381 26825174
99527640 189169
5337327 42923041
43925274 61065100
14662115 89015813
23865847 58034633
16886881 82403523
92467563 82476572
95547031 2612453
45606073 63399925
60985686 4806420
62658339 32121046
16315107 52771032
95770737 20200199
96243667 2594210
79112444 44707048
81935736 31156436
97412569 39789415
74079477 41337843
53370867 41257944
82870008 77236715
99292577 99756890
59640238 44276493
82233462 7703621
46888946 27839535
71103546 60390985
85162307 86278237
45028383 53993766
39049269 93315472
26710317 87809288
95909683 5822761
32516336 30361771
89495549 82445257
22667539 16091378
23783100 76038406
57349323 59169461
53275121 9158252
58926351 65431712
53434745 41159813
25651685 52840044
21515700 49271584
65747381 59194360
35549821 10775764
13188126 27115443
4091237 39898444
14924731 52517272
98237557 99957420
35395395 87733107
82402677 58062934
3824485 58702130
34101341 13690160
17871591 39892814
22848413 76797942
5324526 28799510
70474107 83492564
81639554 44506159
32764148 47386935
3700519 20830321
10679052 16888646
47945764 67286641
9303442 62870496
19803913 7540999
62827916 55199308
95274106 97746945
13262243 51614944
56449075 99879936
65305104 26837018
39772750 40669869
56151312 97613629
21985732 26625419
81106193 56141638
23647931 66386693
56044926 27348450
87217014 66723978
96753448 35162779
34010619 6056890
50549627 6330884
66114242 65893895
61530192 13904700
63640840 27308787
65519644 72606268
27188723 83341101
99443286 19477826
76527322 8110951
17091455 98513054
34736370 50714000
54654693 10900653
17100693 10699619
90765456 56834059
29939949 87518904
91996838 63950568
46092147 95062817
70281452 64722741
60956712 84327996
78627441 77113905
64153136 44147086
2236525 43858211
80004539 54196163
63336037 56531861
62307114 32943844
55044916 49559837
83657844 62215961
60460490 53274889
72915580 51225946
10108949 2855529
91261203 54622139
19322449 89869702
49684957 42120253
54592443 63158021
78964601 85736236
92788278 43117737
29883322 47541155
39492301 62404213
1737319 2828338
18936075 64044433
35772183 26497343
66120622 71946379
41229656 26581113
25221269 14145236
30323411 35330218
69517117 74100966
42468709 41355918
16487020 44670018
83476171 23595815
7828040 14957124
9332052 53132670
10591214 91731726
673826 50083515
54135940 2411145
52911853 25588367
18971930 41200388
4602062 85092553
13146768 45831718
64190018 38368037
12493306 94513429
26214607 34526775
21130748 68683316
75882693 37617768
13353335 11875216
13729936 73697727
26832340 23061988
79346749 37423554
14793714 32536927
87507069 21446006
87464424 92935275
99550725 6436355
34135663 4152787
44045260 47282431
49984505 8235278
38166820 14994163
55265059 16897779
49520938 28912159
85581096 25403631
66529928 51450783
89795199 80259864
77664862 16627540
55838204 9527963
54051094 23148270
42064891 94074516
44594277 29529315
87009791 44145002
88482022 73661806
814142 32527282
20944238 3314999
40762560 11627410
18309163 48543972
28525190 67830101
77456131 66622638
45750085 96502411
70589773 35545284
29278627 770987
4689176 85116831
10298950 11256623
8265102 52363841
5331139 5375731
34409509 44857282
2037085 22891531
18519088 2851227
55418814 91979678
58682579 48697726
