44809921 92587934
89295136 80644448
8720756 95346406
98792163 8965353
9795716 64931213
45229313 93091894
62873822 17968030
6282984 64273954
70240761 68136739
74986180 7762440
75302314 27540665
494720 84816372
40996433 88866050
97038736 95171598
41707361 86150970
53945068 86517283
31255256 43240205
19678083 39976013
91102963 70986598
48941366 898680
35917811 46687032
93990574 98791633
17171414 52789910
63065587 39928527
20926650 38051768
47690967 96228964
18108785 702040
33561688 59105218
42084442 30600425
6793168 83791803
69267747 60738236
22825438 523003
56494793 95019873
40499016 47597757
66006471 41956735
48496437 1924282
88643767 95003363
715916 58331533
47793273 16297855
98260060 68719923
6865975 98467380
17465240 24974760
51685772 51026928
36596330 93770214
34143705 43389498
30078369 3411452
4127735 52903808
3934456 13138880
47923681 96949824
60736637 13930153
38906559 9233074
68370787 80066678
4236437 21603055
38398211 4546063
37900911 89174624
25782338 44766886
40158356 43247578
22257999 91844128
46790859 58854329
85614342 80934564
54760180 68209063
36862369 11404267
21112871 93313177
24543147 21552905
90263001 85279785
87999410 81685913
47029211 8886549
61752591 3782001
30489605 52667155
60844416 20906868
41841779 86626754
18190106 82000135
29874333 40448105
26360615 29181544
51818787 64491309
62632460 6578967
32700372 52011181
70499586 6329596
45324358 95042733
80398853 88103712
32838870 20914615
69789625 32384434
29801164 84058568
36166435 60290769
36725723 97010851
33713989 78567502
36153957 51904096
13083989 18544642
44868553 91960956
47726186 96687340
56452265 62874999
55782659 41668990
14886180 26282245
47998586 12726891
21324979 80913791
830603 6680201
1828406 23136580
39064635 31629570
7195148 27747422
44436692 43920872
77274625 78150681
75004726 13428583
82571129 40605068
31973225 27439683
32566024 32215764
24127023 89018290
95090763 79909683
83203632 9976943
58708280 31202218
22703834 32549611
64632361 76050789
39229813 66460767
99187369 30810800
50606689 58898870
58558223 95043381
2819742 88349200
25710415 77824468
1777783 8281544
18429536 33751009
35721227 3511913
18483125 12364603
45046555 13573888
44790638 28250187
76067183 3498918
11968757 51287370
36048530 76601118
27338159 27794695
43061885 79041881
58605495 93668574
37940751 69680070
41228308 93276845
58029271 19455075
71101313 59807054
27736619 42047202
46074415 15974199
45559115 64557540
28338802 90605670
30647780 25645792
18855857 6714964
29144710 30824614
10518686 17709592
59942084 90373197
45504287 3003969
69415078 4109783
49188895 59872181
26306205 42933555
53149026 84335476
62388630 76766692
96658883 42641602
18813894 42733298
58615801 16889361
59807191 39470955
7495031 42971323
65116747 78867240
2202639 46777809
62208206 12721325
64487402 22150290
3094523 9991689
77670611 25025953
66617824 26859506
84898135 92924030
69793062 38047161
77259506 32181692
14813853 26434741
27339646 86144099
21684392 85955447
3033460 81491583
77942754 63044843
76979258 95575853
94428435 79181898
42353663 9152993
44419575 6841065
83819635 30450
69349106 61490246
25056404 35966931
40866105 62470891
81407313 63175519
53034404 58666819
47873563 20364610
37617913 75213210
59025061 59302305
61168657 14574874
93310240 91627764
77619717 70289498
87203617 24564505
1987748 29557280
86233850 98923676
88914697 70053486
98954126 58263804
31543732 76526882
94230735 24926189
91514125 75638048
88101708 44548530
86821219 35975272
17429492 24439132
11188482 76454553
36257789 24873491
91029427 29568029
16501255 21165497
99857528 3704873
98246354 54361628
85778505 84480204
53285304 74693203
54533690 52239431
32957007 38593775
81282665 79704094
63519964 72796791
7858494 51621673
69861673 47196065
40113297 39807517
24151550 51301779
68778422 60409339
76175270 12324202
89977369 45192878
33489699 42351249
1414103 84252405
96712877 87192608
21248961 49998182
14402163 75782652
54753965 47359170
66892779 36036630
79579616 82929095
61349773 39954462
87067120 83727798
87150528 27180417
76051667 63818430
30998548 44830090
24227769 7173819
57154292 14205138
4883049 43160343
9072739 6297152
27412748 5785617
93489760 48661709
55783799 7891924
76960713 63054116
7767446 43853492
51607098 39863415
79298940 12956872
79817877 66366060
49201022 19484757
46062830 25252690
83303187 77061378
70082780 60047309
36751549 79753424
26768799 41634598
22913767 35841539
47931750 50326515
41627156 93937863
51504576 49927307
54346139 28465290
12981423 14629937
24835134 64588521
54493352 56650426
30061745 86827582
23016487 31779120
58828691 69079317
57031810 94648231
46140695 79630942
54695540 82892245
59384366 81464339
77043195 82298133
69822230 24974946
85141000 11449386
18912809 89161928
13893045 25775300
70143570 26874468
40405237 94978705
43979342 94898590
4145483 26557439
34242524 27161970
58336559 93071215
48757639 67884721
40235798 47414687
47515663 94931338
82823284 59416381
28912030 59866479
94230866 98734260
37357777 31888218
62699999 8786938
21050147 29109396
34562238 91193717
8500217 74967476
38688774 52479559
22382418 42834258
79036998 56624942
22512580 89889910
2212509 71270220
57774631 42448308
71201259 57806647
89895998 6540895
17223028 71324380
66407374 63970247
22574993 56281504
95858465 37791344
65068442 16908612
66900740 99630681
60618682 75400957
27114509 99307456
27880516 49496927
94658066 59433867
58638221 17170647
49323777 13367082
40957219 7098408
8331742 12158478
64905055 50744093
18699373 34644436
22068473 37623099
98614683 97159818
93904603 94473148
34951162 11489398
63898113 1851903
11120079 77033147
29769212 90750940
76340603 10166081
92764219 23515022
22116300 3918792
40685669 71440077
17285874 81642888
31054837 78133969
46317718 48476245
28878062 17533443
35637033 3462887
55156542 34251716
622706 1577498
81241216 88090220
13066896 97655681
89942123 76703327
74688828 72227688
67454267 3545784
82393769 12734838
27060806 4510069
16653630 20262827
28466498 86455856
54422067 12037687
64589825 739785
60513932 93467887
70789580 48667317
49447127 25946122
82919033 50069833
80039972 16676602
38160053 93106868
66848635 80618529
22326547 94053816
5362569 42297166
97599600 40272690
55032004 77176758
44782759 71685634
97439585 25765609
58141491 4378004
37803296 22731316
5117789 50833581
68715556 75907369
99500898 70679035
54369843 34936284
73265220 86926168
4129238 63941625
80033036 70977873
44560154 54875936
17548041 2439075
97173102 15147641
42711765 52205107
44840751 40010876
23890741 94796688
65776485 34548584
99174692 56096134
9796253 56808833
6929715 78511809
85232554 58946965
1707196 92118750
46399601 74972416
79044918 50528839
38914041 11594306
74023065 35990548
66470242 91571106
38429623 63643345
59235100 81141389
68364804 56592203
21152265 92255545
51388892 39445103
79320482 3079936
95541237 89116735
59888770 54987304
20144896 97637676
13934269 21852092
89756426 60333871
96824508 68801344
63379062 35738549
32912003 89918479
24245449 99382245
34005938 62675073
15541942 93241038
96332814 83906746
49833241 70001431
28678644 53738485
9446534 60515478
56818422 4987771
49632213 16707192
59975075 22293461
14344868 26425697
44145553 56617647
39275920 93486413
77935343 2654982
81741314 10847346
45089814 5986764
62745944 79095752
21178189 30804238
24853142 17511003
67227337 74686383
87512434 48422333
28424869 96958969
8937811 37759643
54463092 11086376
6983187 66954520
33379837 21328055
93380217 77525390
30462054 32656137
71011803 8397398
87827471 5269469
19244744 32917285
11256233 34507040
64529389 32434422
65311279 89382531
2461777 32538616
16585267 89974212
80960949 97526488
39449533 42415112
35286131 93912625
53501488 42269318
60867145 86881325
16113725 6763714
64406715 46575780
39419851 87934870
54973178 79763675
93204339 26734274
65197312 56976925
61241315 29726702
89411347 79068946
19109233 44389477
64123914 88210852
34363689 45084863
85737340 26329574
40016327 21023471
20242199 93517815
63292789 33625697
80399140 31922867
40389411 97322207
78498647 32325615
37773429 85988177
64605642 30977768
65238803 29802954
40471045 78996470
59529656 82398745
58065416 31155242
26788222 22189330
19366094 13668263
19790545 5103435
39997837 12323224
78643258 60240036
5841039 94452400
46382085 38756531
26375267 39287849
36078738 57390266
24129816 26368519
95894795 88735458
9862640 61133598
18538412 50333685
40130069 30584421
32732430 50711837
14256015 12037004
25417520 33622109
25705267 97724417
91241896 65703104
10047642 22401507
78459493 15888681
16853907 24841578
7161565 95745526
16645779 95756655
53135792 40775595
22125175 1546939
82027405 31987815
62680537 565818
82321500 55326958
83666591 67570283
58555148 97922606
79607287 83972668
31544715 5312555
81697085 75302964
23532011 44261079
97704471 1991504
60149761 67074730
26833083 19827678
62820256 95995214
15584333 68472400
36770810 37709508
70019339 18798215
69697323 85216228
71880385 4535176
93059539 55546976
24621811 51614687
53469582 56745450
88103707 37530650
14574357 22317144
12833614 38106369
66578224 63054437
40097873 79244337
30129167 19447308
99072015 45465775
15442523 14656348
13938175 4729685
4882209 36473866
76044252 27095884
74206446 440990
84147412 67265985
55987966 8769223
71397024 61973901
18031026 12017083
99504551 32605383
34334228 64854517
23228104 53428804
80425306 15842330
32673141 63070825
35289638 84261508
8536600 3248513
51434208 74991127
60494550 56316417
63981345 36538803
83412302 38187791
36979793 67559714
57970129 45484111
28845290 29367153
7458012 99392668
93900589 59478915
84514403 28234817
76849784 7742508
81663621 57275090
23584838 66853114
20345915 11390828
51114622 81398867
14639342 2548830
8906346 75133892
11381600 72887691
64189047 94793902
63591835 1168840
14869968 21561964
46652952 96231610
3445469 6627316
95624278 97346058
66106232 80138682
78097227 95472368
40397542 59760848
52747459 63982380
79130314 25609726
75373208 30244936
59524946 42528902
85310119 68431292
17662795 96691719
93835336 34368194
91485621 57427171
35537035 58871941
31505487 34706339
7619904 34950956
93850007 55760534
84813367 59956239
88415568 62910594
55428608 28813110
75187795 60692419
92795490 54318109
38818497 20685051
37079398 98343443
15730305 22389517
19291088 85909452
19081236 13126424
20277647 63083209
23069947 8331034
74471502 54575434
43037373 82091406
89526390 36887380
37851941 26856109
49359972 26267509
89766704 57304932
55080620 17470851
70513703 392462
71788960 9332200
73593865 8868358
60191996 89324171
31257875 31999436
75233623 2855463
45125860 48027622
65938672 68195807
56358656 40410175
22771241 99396029
75017933 64813983
88799762 12869874
44186445 90676086
91653736 33953149
497370 46734356
3940352 71011073
99643170 28245664
32859625 25753388
37114023 45567973
67593911 20888250
77567409 42827534
76260066 22693269
90855157 42198738
43405428 99730165
35125265 18693021
99126195 10143199
36023357 40442309
75529425 80209802
83634747 67183161
66679303 84132117
66433869 70619655
7659542 18593392
98865319 40519167
44346780 88495694
86087141 11940691
61900297 16170902
7284577 38160363
38864172 50656086
32875453 34785952
50386252 20517071
5995326 2028799
30660270 42018683
94987460 6189695
74744837 78622207
25889209 41424140
15270676 92323078
64560147 22930218
10916470 15941818
15965737 55263250
4437513 54569230
19720293 18854162
70740133 79521223
57014525 62120657
30177309 42406330
49422961 33079913
62923401 55418287
35108712 46100023
49953322 82612524
4806071 24698159
61234731 30695280
18638651 29021759
23018358 35715150
51951977 33934829
51656969 20434067
41714431 56094482
75003297 13951077
27464996 98259782
93472300 36995873
60380439 76165961
79402203 9803401
9245875 94841957
65221688 96870939
40941980 67691363
79483464 45748051
44905874 93234547
76443331 63544526
22256307 51978042
99259676 26724636
38429223 50916645
47158703 32660006
59527479 74678353
46611083 86992475
72938135 92599735
23988348 85834927
68765697 55906904
95638328 30527924
50748861 13376368
27398863 44207193
81067731 6882327
42471597 78489958
116875 18914928
42034484 22373182
23409322 93810512
1614170 61838545
97243510 48772874
94498552 56770989
75967579 93625987
96279817 48905714
86225723 72784517
87256993 54991420
81207773 82895321
85519344 84472986
48788042 65434559
28680180 82372125
72316887 71151777
60862083 24950114
42583057 55412919
47323296 18508732
49223432 48937466
80347277 46466942
50226692 27362181
55754283 26194271
20988169 4550452
27616338 7213892
77334970 14873331
14721664 11059095
50285005 52757360
95532082 99073047
18191919 76728614
33961524 90508806
396743 94823608
15458920 95496152
50236527 15298568
14004884 51976311
16752387 94352162
98443253 19495431
74230695 54197537
45689703 95218864
11264341 25822393
54949108 88599311
93212076 69670772
52174759 43497081
22428132 47706841
95086480 40620052
24435455 29048005
83645210 77348550
76387965 51620483
72844702 26624492
19435403 86849587
78600804 36187790
33718101 29560409
8199574 7948796
36274298 6405629
55684013 47538640
32228022 10633121
88654303 77956450
32820246 40829062
21453532 55248378
41052255 69056364
48384782 18004062
98104369 84546345
95352612 74492334
36166828 68197315
53633179 8118583
7563254 84750335
44306374 41281355
14310744 5022300
1746503 3101395
11427929 57430516
50640035 43655951
20579990 91810690
21612401 53400236
32639753 95582285
61164966 26208360
64638650 9549749
44212423 15259371
46612446 39565035
42268058 82779274
60278702 48417589
90897857 20358308
33167924 87720583
61639663 99995020
92742883 15902519
55612767 4170812
25849387 58769154
343115 46429377
50579845 74471869
52345965 35735950
22570506 13510932
61944310 39725508
75577033 6156733
7501232 22189479
98238121 49769290
4968753 11033175
50703231 48382962
31391484 36387507
88619898 45547499
88898879 33879133
13966370 44511647
90566298 39815758
3280801 90909413
38761487 53860646
17897634 91107453
89596596 92984493
57134737 4057259
32710001 32711770
10213992 40211233
54901249 60968465
42496875 12386354
72001641 93200106
13285668 55909477
29587613 1905566
1456976 18486493
35784700 67939699
15514492 26350998
7755457 18795293
69776763 99033296
25172292 40190750
90140749 67285240
33175243 47275486
71342499 18401596
32503608 34072844
11129182 87404857
95041309 6142409
99791211 19559302
51858868 13076880
75468779 33962833
67498798 29442108
4965678 3283498
97381807 20480170
82150848 57653616
91791816 4443964
56686912 16964108
44634714 99344014
36765700 30326309
99135852 8108200
1244257 31639461
42181044 12373439
19044318 89738705
71032201 71351882
9298008 22891069
36945114 37283139
56853902 4443912
66725247 61819581
7727411 16623406
82299751 42394611
26793374 26607919
46838575 83480287
96088379 91473289
35340653 32854080
74315950 34476505
40962280 75560208
66115966 35659676
40449999 37676637
25398381 11482200
9028519 34696389
34373269 45973633
24495881 43743524
2933897 43737480
5563105 63177660
60360887 40379208
5572272 39670613
66987128 52410847
75667252 63075507
96400489 11007905
48445939 70716439
45484411 89408219
98792999 64116729
77584247 39242999
54309718 2982629
50725199 63338237
90195370 37614821
61828222 14691251
81358345 17278472
10945084 39437802
80456132 23822323
79817010 86028404
63492936 99320490
90955604 39160189
14912350 39872445
50168094 63358289
10588884 48168857
5282861 9381884
64801939 82867108
1141235 19111657
38366089 51866434
34966247 81077812
41997607 49310821
48285415 23355952
66589293 59230499
62793754 47045426
83052822 95127117
85590182 46545759
46963959 29062138
38222300 14392661
68934583 88390394
77750951 32039820
89075604 35550164
41421704 53877543
70933624 95079291
72989200 61816066
46945725 7955447
42893878 88943333
57266269 43695645
64815637 23855562
55442497 80125744
23417340 91011671
27769213 9007523
90073782 74733172
38069661 28296082
89125834 7004245
69202829 19393137
91560417 58278433
54943301 85498473
64672328 25876925
80577764 37661528
87692991 80039841
98133328 83103221
68983174 55399597
79315219 86315164
31771511 34757716
66440908 55188852
25769387 46726473
16712727 15843170
21459645 7298740
44139252 63101831
66819337 65858433
82494968 58379754
24136866 89954621
43878227 88809194
15831547 24455991
78987075 56040890
4495833 77120403
91660464 25995359
85036352 23492035
64826875 16807863
58249751 83784135
24513067 36535490
30510608 93742146
52378660 51970254
1040887 49034265
67588437 20376576
14892698 50083406
78756331 91545917
40038027 75150910
32871463 8385926
99606902 64374890
16943169 56619087
41495293 61119985
35130798 26531645
84612020 99957674
95855861 95378123
83741809 20368928
31913613 14252418
66627427 84292274
18739024 67668314
85842891 86327461
88044890 53251941
88927219 19317573
97314210 81481599
94468484 30185674
42383877 46591738
94560564 59327046
3210825 88572210
72963383 90857975
67620207 57575403
90815649 63476068
52953526 27073811
36361349 37383492
93842581 2988776
21675766 12581605
23173442 60035009
51425418 11218332
13286950 92868990
83052258 63117513
74350589 77520742
93303187 16734466
76628832 40380103
28577865 32356009
81468665 1541248
23213984 49088873
11633004 66545986
12564941 17102882
93619797 1442642
54486374 39978730
4431418 28678492
5076687 27604860
41229853 56502105
91339545 7033156
1887447 74391803
70150669 76238036
4428897 15970208
45488855 33574081
8866663 26583072
65930090 90335329
80640672 41660426
39424202 44790028
8206412 4505495
61892911 54342561
5948138 68895637
94321291 10379556
50090482 99397978
37984417 91320335
8416436 81840314
98353491 10303883
8748469 21020512
39058272 65693718
36990720 37063479
99267799 45857384
63646551 17714241
36192713 44287223
59374667 75616915
89077252 20097432
80122410 3486515
74439993 86070548
24898504 21277637
48966457 74988986
73191967 39467226
18825674 81608403
21307540 69695517
44428639 82572361
90716030 36003263
48266079 27706750
73066742 50230
26080486 89229645
17764471 62273199
33516868 29655490
90406466 75110472
49752922 23045229
